5.000000000000000000e+00
1.300000000000000000e+01
2.600000000000000000e+01
5.500000000000000000e+01
8.200000000000000000e+01
1.320000000000000000e+02
1.880000000000000000e+02
2.590000000000000000e+02
3.600000000000000000e+02
4.730000000000000000e+02
6.000000000000000000e+02
7.410000000000000000e+02
9.140000000000000000e+02
1.116000000000000000e+03
1.312000000000000000e+03
1.576000000000000000e+03
1.849000000000000000e+03
2.193000000000000000e+03
2.505000000000000000e+03
2.865000000000000000e+03
3.232000000000000000e+03
3.703000000000000000e+03
4.158000000000000000e+03
4.702000000000000000e+03
5.291000000000000000e+03
5.893000000000000000e+03
6.320000000000000000e+03
7.101000000000000000e+03
